-83 -91 29
-11 -82 3
-36 -20 -14
19 84 17
82 19 -44
-10 -7 -61
86 54 -8
67 45 -30
6 85 74
88 94 -83
39 61 77
-32 -50 95
71 -36 -76
-44 83 58
24 64 -23
80 -47 70
-82 -61 23
-39 56 -83
31 -38 -98
-46 100 46
-79 39 6
98 -94 6
43 77 70
67 83 52
25 -44 15
-99 -65 19
71 -96 8
-57 -85 -37
-90 -4 -25
-88 0 -25
58 21 64
-36 18 20
70 -90 -54
-10 78 -72
-59 -48 -15
7 -47 -30
-75 74 -26
-17 67 -61
-4 77 35
72 90 -66
97 -3 5
60 11 -77
-71 -69 84
-25 21 61
-47 12 -88
-12 -82 -85
59 94 89
83 -74 55
-78 23 -18
7 -6 -79
42 -60 18
-54 100 80
-81 79 61
-97 -47 -19
14 6 43
27 95 12
-8 3 -45
-19 -15 -18
86 -43 -96
-83 65 -52
-62 -44 -12
7 -48 -63
-14 -78 -85
-54 -75 -82
-23 -11 24
-81 66 -32
-19 -42 21
37 -11 -94
69 -76 -87
23 -58 28
71 -20 84
-92 87 87
-55 -78 -92
-90 -32 84
-72 -5 -28
2 -35 -62
21 46 -4
-59 -68 35
98 -100 59
-89 23 -100
39 -7 -19
-27 -49 -83
-41 -54 -60
-33 -44 -42
-50 -66 54
-28 37 -82
10 -43 14
56 -2 47
-10 -54 47
-51 -43 -30
100 46 13
-70 -82 65
-52 -73 -90
-12 -6 -83
-4 -6 -49
-51 67 88
-33 -74 95
32 83 -57
-22 -78 -11
-76 -29 -4
-56 -29 -59
58 1 -90
-28 -1 -63
-68 37 -18
-51 -67 26
1 -18 -58
-62 0 -31
84 -69 -99
-74 -41 -77
-35 -17 -55
61 28 -34
52 -65 17
12 7 -84
0 -11 3
32 39 36
-43 90 69
-50 -73 -82
19 -90 100
-30 87 -42
-57 -49 41
-62 62 -82
4 -36 -97
72 76 10
88 -25 50
-60 -94 -12
77 -86 -23
-5 -36 -46
13 33 -85
12 -98 -99
70 96 -97
-40 -66 65
-71 38 -72
-68 9 55
-7 -54 -71
-58 -63 87
30 -87 -100
57 8 -36
-90 71 97
-75 -68 49
78 -99 44
81 -89 78
-5 -60 -34
-26 -27 25
-72 66 22
-43 -93 59
94 -13 22
94 -57 80
-43 -97 50
-97 80 32
2 57 33
97 37 -6
24 82 35
90 -45 58
-35 -17 23
37 -9 -20
-55 -16 67
67 -72 60
-4 -65 13
96 90 -8
27 -9 -52
-91 -13 35
3 -89 17
-63 51 22
95 66 -95
-33 -48 -54
47 -3 -20
-37 -87 8
73 9 -6
-14 4 -17
28 -70 74
77 90 -89
-39 -7 73
78 30 -27
-50 -25 -61
-95 -8 -9
-49 -61 39
-19 -48 52
40 76 -39
-67 -39 15
-34 89 -4
90 15 -15
-100 27 78
23 -46 -42
97 4 -17
86 9 75
-74 60 64
65 92 67
-33 31 42
-22 14 -98
93 80 41
-62 69 -94
24 20 33
-49 93 87
-41 89 -59
-8 24 50
-83 51 -40
81 -35 -49
47 32 32
-62 -91 -55
-60 53 75
32 91 -7
-12 -36 63
71 -34 56
7 -25 -6
48 18 -82
-2 35 19
58 -35 84
59 63 -34
-10 -100 -75
-15 92 78
-41 -27 19
2 61 33
-85 -19 49
71 88 -76
-86 -14 -8
83 84 -74
1 -9 -59
-65 -51 -97
-49 -11 -96
-24 74 46
-96 83 -82
-27 -66 29
-95 -51 -91
55 70 47
29 85 -68
-80 67 66
97 -32 -94
-63 -47 -95
-59 4 -6
96 30 -83
41 34 100
59 -94 85
-13 63 -67
-54 -33 -97
93 96 88
76 66 4
-9 62 22
-2 49 75
3 90 -22
48 35 59
65 -25 -8
15 84 -51
-1 -80 -89
32 -34 -72
-15 -91 74
-78 85 39
27 -25 -50
-52 23 99
-77 -74 39
-49 74 -77
-91 38 -1
-48 -48 -68
1 1 -47
-38 -67 19
-10 18 28
-37 41 -38
52 -83 -12
-99 -35 -90
50 -62 -64
-62 -10 60
-38 -51 -52
11 1 -50
43 52 52
96 64 85
-35 -97 -48
93 -34 43
-95 68 60
-7 19 76
3 -31 -87
-10 -43 -47
100 -31 -47
-53 30 4
-2 -27 -94
100 -82 70
84 -17 74
86 -74 90
-21 82 58
89 -26 -24
64 27 -5
28 67 3
31 67 72
84 -87 -48
-12 -39 -25
-6 -40 -7
-87 94 27
87 30 3
27 -92 -16
-16 47 8
10 -39 -66
-95 89 52
8 -31 18
-71 -47 -19
-19 -9 43
56 35 53
100 -2 47
-24 -15 -74
79 -89 85
-88 -55 31
-30 55 92
-46 10 30
-95 68 100
23 98 -98
-96 -72 -57
-3 35 28
-51 -16 -75
46 60 -40
72 -12 -79
56 -50 -34
-63 20 -79
79 74 -19
9 80 -51
-42 2 -54
-90 -44 -76
-97 53 9
-19 -98 93
6 -2 52
67 -30 90
38 76 -61
-96 63 59
76 42 33
-44 -100 -38
5 -92 14
1 69 71
-24 72 -27
85 -48 -25
78 8 24
-21 -76 44
-31 63 19
-42 67 -68
-83 -8 74
0 -2 74
62 -97 32
-25 -46 0
96 30 -29
-31 -35 -27
-6 93 81
-83 -79 56
61 -10 18
-70 -1 -66
-38 16 26
86 66 -77
59 27 77
-10 52 -69
40 -2 11
61 67 26
-67 -90 18
64 -72 40
19 39 80
87 19 -22
-80 81 44
-4 66 9
-30 -26 86
-54 14 -12
-73 -47 86
-11 -87 2
-86 97 12
33 61 -10
-28 -71 80
-99 67 -2
-20 87 -71
74 -67 45
-17 3 -81
-32 49 -17
56 27 37
-9 -85 0
93 -71 -3
-45 12 -93
45 34 87
24 36 53
-78 66 -10
-49 39 23
96 -79 -75
65 -60 24
-52 46 -50
35 -63 -35
-66 80 -55
-19 -66 57
-62 80 -9
-75 3 -74
78 -25 42
-83 -24 -20
40 -78 2
65 37 -8
-11 85 -63
-11 -31 -26
5 -46 -46
50 35 -12
-44 74 -83
47 49 -29
23 -24 -4
-36 -6 73
-5 -67 45
97 49 -19
-12 88 -84
-25 -24 -65
0 81 -11
54 30 75
92 87 -2
60 -17 -54
-70 57 22
26 71 66
-52 -35 100
43 -89 48
75 -51 35
41 25 61
76 -76 42
-85 28 -79
90 -31 58
-63 -72 -59
-17 -92 48
55 35 18
21 33 84
-30 -74 95
68 -100 -56
2 -9 19
-88 -34 43
54 -69 -30
76 71 39
33 -93 68
24 -10 26
-29 96 -90
40 16 44
-27 36 20
-33 3 -30
-39 55 61
80 67 77
-28 21 -92
42 -54 79
-69 79 87
49 -47 -74
-26 -26 -79
-15 -87 -13
79 -14 -78
-2 4 -25
18 15 -71
-22 -55 97
-96 17 -33
-88 -91 13
42 -60 -59
-22 39 -6
-46 -88 19
-74 -53 32
13 -75 69
-14 -27 -78
61 91 37
41 -82 82
37 -77 -1
-97 86 -42
-34 27 -2
7 55 87
52 -91 99
-30 -65 -54
-99 -2 -79
20 34 -5
42 -55 -65
-21 86 -46
-90 -28 -73
-41 -75 -88
17 -9 -10
65 98 -56
51 49 -97
0 -82 89
-4 71 -13
17 -10 71
62 83 -85
48 -89 51
-99 -79 73
-72 -69 98
91 48 -12
-20 -37 -64
25 -87 35
-22 -37 54
-33 59 -26
54 -74 14
-26 88 -4
-60 35 -43
91 -14 -21
14 -36 10
11 -45 -93
50 -15 -30
36 -91 -66
-30 -62 -3
74 5 -94
-53 -92 -68
12 -18 70
58 22 -45
-85 -37 41
-56 77 56
4 -63 61
11 37 -55
82 -28 -95
66 43 -57
-88 -34 48
-82 -36 56
-50 76 88
-80 -17 -40
-25 -2 -27
66 -8 -51
-29 96 -64
-69 7 24
-23 -62 96
-18 -97 -12
25 66 55
-78 85 -82
78 85 44
15 -96 -74
75 -71 -25
-53 46 67
-54 -84 63
-67 -52 -81
57 -25 -43
52 57 -90
-60 -69 76
45 -47 10
13 81 -5
-44 -5 -1
-68 -30 -21
7 17 75
-76 14 91
87 47 89
-95 3 -37
-88 -46 70
73 -56 51
48 39 -97
-42 -49 84
53 -43 -71
-99 -10 -1
-70 47 66
-96 71 -71
46 7 76
-16 -38 -22
-2 -26 -17
-83 97 -23
69 45 -84
72 53 -33
6 -45 -25
35 -94 65
84 -63 11
-1 92 -68
29 -13 39
4 72 -99
33 -31 -75
-85 -14 -78
-8 -46 17
-42 77 -81
26 -68 -26
-100 67 -20
15 0 -33
76 99 -91
-93 27 -4
47 -69 -83
-2 64 -14
23 29 23
-5 71 27
-89 -71 -47
81 5 -15
-46 -45 -99
-15 70 1
2 45 0
11 53 -74
58 -1 -93
75 47 21
-39 -31 100
34 15 71
-90 -24 100
-36 -43 4
49 11 59
51 46 28
-49 -52 -78
1 9 25
-22 -34 74
-15 -59 20
57 -48 40
56 86 -46
-24 96 30
-25 -41 37
79 59 -52
-13 9 44
65 10 92
88 -89 -49
12 -11 17
-14 24 58
-95 -70 -91
45 37 45
49 -88 41
-21 -12 50
-85 -84 -42
-87 4 67
8 -32 -73
-51 -95 -62
0 -32 -23
-83 4 -100
75 -41 -69
35 55 18
-21 3 30
70 32 68
-30 -2 85
28 -39 -62
-55 69 -44
-28 -82 -38
10 -32 -20
87 -15 84
37 -90 -58
18 45 47
-65 74 -50
66 44 82
-17 64 -71
-33 -9 -9
-45 36 -91
12 -93 78
24 -33 -54
-97 -97 -19
37 41 -9
29 -42 86
-24 -56 60
26 60 -47
-43 -58 -84
-63 -40 -43
28 15 44
-13 77 1
-35 0 69
-39 -47 72
42 40 -38
-67 -31 -29
69 -5 15
28 71 -26
31 78 -34
-3 -86 26
55 -8 92
-52 80 68
49 95 -82
-33 -45 -79
90 47 12
-49 30 81
22 -1 -75
87 77 96
-90 8 73
-23 -96 38
53 9 -71
-6 7 59
-88 -44 53
81 23 58
-99 12 5
13 14 -66
-57 86 33
-82 73 -40
-87 33 68
37 -91 22
-26 13 82
3 -94 -12
-88 69 -6
65 49 -83
-27 1 -21
78 64 93
62 -93 79
-55 -75 1
5 90 -67
-78 26 94
44 50 -44
-25 -98 -88
64 -86 82
-43 30 30
-76 -98 81
4 30 45
-54 -59 2
75 -14 -23
-75 41 -34
-41 63 42
-98 -43 -9
-42 32 -56
-30 -5 -42
-99 3 88
32 27 90
-38 81 -31
-94 78 11
8 2 97
36 28 -12
52 37 -50
-56 39 -43
35 47 90
29 67 -66
88 69 37
75 0 -86
15 12 45
84 19 22
-6 77 -76
-59 -38 2
29 -86 -62
29 -42 27
87 43 -27
26 -28 -61
60 -41 -93
-53 84 -43
-39 -52 20
-95 -68 -62
-22 -24 65
2 -33 -73
54 96 92
92 -25 -51
-32 -39 42
-9 37 -87
-20 -4 -78
-62 43 57
-5 54 -96
65 60 87
53 -63 -37
18 -11 30
-5 -58 -24
-14 84 1
-15 -49 62
-74 42 -52
91 -79 44
-88 -41 -13
69 5 -60
24 -31 50
10 -78 37
73 -10 76
-47 35 -83
-21 71 51
80 -45 -99
-9 -69 -7
39 -79 15
-18 85 24
19 3 79
10 -74 99
-91 37 71
47 -41 -40
-28 -38 45
-10 41 15
-60 20 20
93 61 51
-15 -1 23
50 32 7
-76 -100 -91
-98 -40 -64
51 -30 73
21 67 82
31 -62 -56
-25 -22 85
90 -31 -45
9 -89 -85
-90 -4 -35
33 97 47
90 71 47
99 23 -93
85 -26 -73
7 95 44
-11 26 82
33 51 -90
-33 41 -21
22 100 -60
-12 -91 -14
3 -8 -18
-51 -19 -98
96 -70 26
53 -86 100
30 -28 44
-27 61 -81
-95 -57 71
-85 10 -39
-56 83 -90
-16 -80 71
70 23 -38
-98 72 -6
-96 17 24
-20 -80 -12
-71 50 60
74 74 -30
43 79 13
-37 44 74
24 38 56
35 -79 26
-45 41 -52
17 -7 70
61 -52 -64
-66 28 -94
-27 58 57
83 -19 30
-47 -77 -42
66 -13 -99
39 61 39
-56 -55 10
70 0 -100
68 68 -6
-13 -22 42
24 13 -31
30 86 77
-64 18 -43
16 71 -69
74 -13 -32
25 76 79
-87 -80 -76
-27 40 -26
-26 -42 -59
18 45 -30
-41 -32 83
-22 49 18
-95 85 -65
-38 -49 57
-57 75 -57
11 0 -82
-10 -37 89
-36 37 29
38 61 87
30 -22 -19
100 37 50
32 65 -52
100 70 83
85 83 -67
41 -75 -92
34 -13 -42
53 27 21
-9 41 -93
70 -22 68
6 58 -55
88 7 32
-13 89 -53
35 38 -84
17 23 49
51 -87 25
9 48 62
67 -50 -12
-63 41 -72
-55 -39 -44
63 67 65
59 54 -79
-10 -60 -90
-13 25 48
-46 -58 -80
-98 43 -66
27 -99 32
-12 68 32
26 -96 -78
4 100 -17
11 63 -50
-25 -29 54
-4 11 45
-44 99 -81
55 -48 -39
75 -46 54
59 32 55
-10 -81 -28
72 -4 -73
95 100 -74
-23 10 39
-23 35 60
82 82 -29
26 -63 -31
45 42 21
57 17 25
-40 -25 -44
66 16 -74
-63 -13 22
-36 -19 21
-59 9 82
30 36 16
-10 17 -53
61 93 -15
80 38 77
0 -56 -7
-76 -46 19
-69 -81 85
-43 -93 -79
79 -79 -47
-51 -38 62
81 43 -3
-3 83 65
44 -7 57
79 -28 -56
6 72 -12
99 46 43
-33 77 12
-49 84 19
-77 62 41
-24 62 53
-63 42 -55
-16 89 -73
-52 -17 20
-95 -89 92
-51 17 13
-12 -34 -91
81 33 36
-58 35 20
62 58 -69
-48 -67 93
-96 -80 -15
-100 4 -27
-73 3 56
-2 -42 18
-61 -43 -66
53 -5 0
12 -25 -67
-53 18 18
67 -71 -25
99 -69 -42
41 -65 -22
-75 -65 32
-51 -87 -66
55 11 -58
-28 50 0
7 -48 45
-94 64 -80
90 62 -12
7 28 -33
32 -24 -2
90 68 -17
-83 43 -31
50 92 -18
34 47 43
77 -82 -58
-74 -25 -5
71 -18 -92
41 -79 70
79 -21 -52
96 -90 -26
-7 51 -59
27 68 35
96 -33 26
-73 -99 -78
70 28 92
-89 4 -34
-44 -26 -2
-35 66 -30
-66 -6 49
-68 -10 9
7 83 -91
-2 -41 78
-68 -46 -56
9 -69 96
-19 -100 23
-78 63 -74
-61 -82 -49
-13 -67 67
57 -82 -40
-45 -50 50
15 7 -17
24 56 42
-49 88 47
-4 -54 78
-59 -22 29
65 0 -9
41 -11 -41
42 77 -57
8 -17 -39
69 39 -39
-32 -47 69
1 27 24
94 79 -39
40 -76 -42
-33 -35 36
96 80 86
-64 21 -25
-4 -38 -49
39 71 -16
50 -11 -78
-90 7 -75
29 -92 3
-98 -99 -19
-86 -9 -45
-28 58 20
58 4 0
-7 40 71
68 86 83
69 -26 3
-47 -77 92
-75 85 -51
-99 13 -93
4 -34 59
85 -20 -51
-61 52 57
9 -41 -40
59 52 51
29 -30 36
12 89 -90
-86 92 84
57 -83 68
-95 69 -69
63 -28 -3
21 -94 77
20 -55 -22
-24 4 37
-13 -37 -62
-63 92 8
23 -47 -53
33 -32 -62
-33 75 -95
-66 30 74
-35 -8 -55
12 -88 -99
-12 32 -54
66 58 51
-48 -56 64
-9 -69 5
99 55 59
96 -63 77
-66 4 51
90 -11 -20
64 54 72
59 -84 34
61 4 -35
